=== Run information ===

Evaluator:    weka.attributeSelection.PrincipalComponents -R 0.95 -A 5
Search:       weka.attributeSelection.Ranker -T -1.7976931348623157E308 -N -1
Relation:     forestal fire
Instances:    42600
Attributes:   40
              rgb_b_min
              rgb_b_median
              rgb_b_max
              rgb_g_min
              rgb_g_median
              rgb_g_max
              rgb_r_min
              rgb_r_median
              rgb_r_max
              gray_r_min
              gray_r_median
              gray_r_max
              ycrcn_y_min
              ycrcn_y_median
              ycrcn_y_max
              ycrcn_cr_min
              ycrcn_cr_median
              ycrcn_cr_max
              ycrcn_cn_min
              ycrcn_cn_median
              ycrcn_cn_max
              hsv_h_min
              hsv_h_median
              hsv_h_max
              hsv_s_min
              hsv_s_median
              hsv_s_max
              hsv_v_min
              hsv_v_median
              hsv_v_max
              lab_l_min
              lab_l_median
              lab_l_max
              lab_a_min
              lab_a_median
              lab_a_max
              lab_b_min
              lab_b_median
              lab_b_max
              class
Evaluation mode:    evaluate on all training data



=== Attribute Selection on all input data ===

Search Method:
	Attribute ranking.

Attribute Evaluator (unsupervised):
	Principal Components Attribute Transformer

Correlation matrix
  1     -0.24   0.48   0.56  -0.12   0.41   0.38   0.02   0.15   0.5   -0.11   0.38   0.58  -0.16   0.45   0.28  -0.12   0.27  -0.22   0.23  -0.26  -0.09  -0.1   -0.23  -0.17  -0.14  -0.15   0.5    0.01   0.26   0.57  -0.14   0.42   0.11   0.06   0.05   0.28  -0.25   0.27 
 -0.24   1     -0.66  -0.4    0.34  -0.45  -0.35   0.02  -0.11  -0.4    0.44  -0.43  -0.44   0.68  -0.53  -0.4    0.39  -0.4    0.23  -0.36   0.32   0.06   0.06   0.3    0.05  -0.38   0.41  -0.43   0.08  -0.24  -0.39   0.53  -0.48  -0.17   0.02  -0.14  -0.29   0.36  -0.32 
  0.48  -0.66   1      0.54  -0.34   0.76   0.42  -0.06   0.31   0.52  -0.42   0.73   0.58  -0.58   0.86   0.43  -0.4    0.49  -0.3    0.41  -0.43  -0.13  -0.05  -0.36  -0.09   0.34  -0.54   0.53  -0.1    0.47   0.54  -0.49   0.81   0.15   0.07   0.11   0.35  -0.41   0.43 
  0.56  -0.4    0.54   1     -0.15   0.47   0.62  -0.03   0.27   0.75  -0.19   0.47   0.78  -0.28   0.52   0.22  -0.16   0.18  -0.1    0.18  -0.14   0.03  -0.17  -0.14  -0.09   0.08  -0.23   0.65  -0.01   0.33   0.79  -0.24   0.49   0.09   0.04   0.07   0.18  -0.18   0.14 
 -0.12   0.34  -0.34  -0.15   1     -0.55  -0.28   0.5   -0.54  -0.23   0.9   -0.54  -0.19   0.79  -0.49   0.15  -0.31   0.19  -0.09   0.16  -0.17  -0.13   0.16  -0.01  -0.05  -0.03   0.06  -0.3    0.51  -0.57  -0.16   0.9   -0.53  -0.01  -0.18  -0.05   0.08  -0.16   0.14 
  0.41  -0.45   0.76   0.47  -0.55   1      0.52  -0.27   0.64   0.49  -0.61   0.95   0.5   -0.64   0.94   0.08   0.02  -0.06  -0.07   0.1   -0.01   0.07  -0.15  -0.12  -0.04   0.11  -0.28   0.55  -0.26   0.7    0.48  -0.63   0.96   0.04   0.19  -0.07   0.09  -0.1    0.05 
  0.38  -0.35   0.42   0.62  -0.28   0.52   1     -0.09   0.43   0.69  -0.33   0.55   0.63  -0.39   0.53   0.04  -0.02  -0.11   0.12   0.01   0.15   0.22  -0.28   0.05   0.01   0.01  -0.12   0.8   -0.05   0.43   0.63  -0.36   0.53   0.1    0.03   0.1   -0.02   0     -0.14 
  0.02   0.02  -0.06  -0.03   0.5   -0.27  -0.09   1     -0.63  -0.1    0.58  -0.34  -0.04   0.36  -0.24   0.4   -0.47   0.28  -0.39   0.62  -0.43  -0.24   0.25  -0.27  -0.12   0.19  -0.18  -0.09   0.95  -0.59  -0.03   0.48  -0.28  -0.01   0.28  -0.27   0.41  -0.61   0.44 
  0.15  -0.11   0.31   0.27  -0.54   0.64   0.43  -0.63   1      0.35  -0.6    0.74   0.28  -0.44   0.61  -0.36   0.45  -0.44   0.33  -0.47   0.56   0.32  -0.32   0.27   0.08  -0.19   0.14   0.39  -0.6    0.93   0.28  -0.54   0.65  -0.04  -0.11   0.23  -0.34   0.47  -0.55 
  0.5   -0.4    0.52   0.75  -0.23   0.49   0.69  -0.1    0.35   1     -0.28   0.51   0.77  -0.36   0.54   0.15  -0.09   0.11  -0.01   0.09  -0.05   0.09  -0.23  -0.08  -0.04   0.07  -0.2    0.7   -0.07   0.4    0.77  -0.32   0.52   0.11   0      0.11   0.1   -0.09   0.05 
 -0.11   0.44  -0.42  -0.19   0.9   -0.61  -0.33   0.58  -0.6   -0.28   1     -0.62  -0.23   0.91  -0.57   0.1   -0.22   0.16  -0.11   0.13  -0.2   -0.16   0.21  -0.02  -0.06  -0.09   0.11  -0.37   0.56  -0.62  -0.2    0.97  -0.6   -0.02  -0.11  -0.13   0.08  -0.14   0.18 
  0.38  -0.43   0.73   0.47  -0.54   0.95   0.55  -0.34   0.74   0.51  -0.62   1      0.5   -0.62   0.95   0.03   0.05  -0.14   0      0.02   0.13   0.14  -0.22  -0.04  -0.01   0.08  -0.23   0.58  -0.33   0.77   0.48  -0.63   0.97   0.04   0.11   0.05   0.02  -0.02  -0.1  
  0.58  -0.44   0.58   0.78  -0.19   0.5    0.63  -0.04   0.28   0.77  -0.23   0.5    1     -0.33   0.55   0.25  -0.17   0.22  -0.11   0.2   -0.16   0.02  -0.19  -0.16  -0.09   0.09  -0.24   0.67  -0.02   0.35   0.8   -0.28   0.52   0.12   0.03   0.1    0.2   -0.2    0.16 
 -0.16   0.68  -0.58  -0.28   0.79  -0.64  -0.39   0.36  -0.44  -0.36   0.91  -0.62  -0.33   1     -0.63  -0.11   0.04  -0.04   0.04  -0.09   0.02  -0.07   0.14   0.11  -0.01  -0.25   0.29  -0.45   0.37  -0.5   -0.29   0.95  -0.64  -0.08  -0.14  -0.06  -0.08   0.09  -0.04 
  0.45  -0.53   0.86   0.52  -0.49   0.94   0.53  -0.24   0.61   0.54  -0.57   0.95   0.55  -0.63   1      0.18  -0.11   0.08  -0.12   0.18  -0.09   0.04  -0.16  -0.17  -0.04   0.18  -0.36   0.59  -0.24   0.69   0.53  -0.6    0.98   0.07   0.13   0.02   0.16  -0.18   0.11 
  0.28  -0.4    0.43   0.22   0.15   0.08   0.04   0.4   -0.36   0.15   0.1    0.03   0.25  -0.11   0.18   1     -0.71   0.57  -0.44   0.68  -0.54  -0.2    0.05  -0.39  -0.13   0.35  -0.42   0.16   0.37  -0.22   0.21   0.03   0.12   0.28   0.08   0.04   0.59  -0.68   0.53 
 -0.12   0.39  -0.4   -0.16  -0.31   0.02  -0.02  -0.47   0.45  -0.09  -0.22   0.05  -0.17   0.04  -0.11  -0.71   1     -0.6    0.43  -0.75   0.56   0.21  -0.13   0.32   0.14  -0.49   0.51  -0.09  -0.44   0.35  -0.14  -0.14  -0.03  -0.17  -0.02   0.02  -0.5    0.72  -0.52 
  0.27  -0.4    0.49   0.18   0.19  -0.06  -0.11   0.28  -0.44   0.11   0.16  -0.14   0.22  -0.04   0.08   0.57  -0.6    1     -0.43   0.51  -0.81  -0.37   0.19  -0.47  -0.12   0.38  -0.48   0.04   0.22  -0.25   0.19   0.09  -0.01   0.18  -0.07   0.18   0.46  -0.52   0.76 
 -0.22   0.23  -0.3   -0.1   -0.09  -0.07   0.12  -0.39   0.33  -0.01  -0.11   0     -0.11   0.04  -0.12  -0.44   0.43  -0.43   1     -0.55   0.49   0.36  -0.23   0.42   0.19  -0.21   0.26   0.01  -0.34   0.19  -0.09  -0.04  -0.08   0.04  -0.17   0.08  -0.53   0.56  -0.5  
  0.23  -0.36   0.41   0.18   0.16   0.1    0.01   0.62  -0.47   0.09   0.13   0.02   0.2   -0.09   0.18   0.68  -0.75   0.51  -0.55   1     -0.63  -0.25   0.18  -0.41  -0.18   0.43  -0.52   0.08   0.58  -0.37   0.16   0.04   0.12   0.05   0.5   -0.23   0.68  -0.99   0.63 
 -0.26   0.32  -0.43  -0.14  -0.17  -0.01   0.15  -0.43   0.56  -0.05  -0.2    0.13  -0.16   0.02  -0.09  -0.54   0.56  -0.81   0.49  -0.63   1      0.45  -0.3    0.52   0.17  -0.38   0.53   0.03  -0.37   0.39  -0.14  -0.11  -0.01  -0.09  -0.21   0.29  -0.52   0.64  -0.97 
 -0.09   0.06  -0.13   0.03  -0.13   0.07   0.22  -0.24   0.32   0.09  -0.16   0.14   0.02  -0.07   0.04  -0.2    0.21  -0.37   0.36  -0.25   0.45   1     -0.43   0.36   0.04  -0.24   0.21   0.15  -0.2    0.23   0.03  -0.11   0.07   0.06  -0.07   0.11  -0.26   0.26  -0.45 
 -0.1    0.06  -0.05  -0.17   0.16  -0.15  -0.28   0.25  -0.32  -0.23   0.21  -0.22  -0.19   0.14  -0.16   0.05  -0.13   0.19  -0.23   0.18  -0.3   -0.43   1     -0.31   0.09   0.32  -0.22  -0.31   0.19  -0.31  -0.18   0.16  -0.18  -0.12   0.11  -0.22   0.13  -0.19   0.31 
 -0.23   0.3   -0.36  -0.14  -0.01  -0.12   0.05  -0.27   0.27  -0.08  -0.02  -0.04  -0.16   0.11  -0.17  -0.39   0.32  -0.47   0.42  -0.41   0.52   0.36  -0.31   1      0.05  -0.18   0.27  -0.07  -0.21   0.1   -0.13   0.05  -0.13  -0.06  -0.07  -0     -0.41   0.43  -0.54 
 -0.17   0.05  -0.09  -0.09  -0.05  -0.04   0.01  -0.12   0.08  -0.04  -0.06  -0.01  -0.09  -0.01  -0.04  -0.13   0.14  -0.12   0.19  -0.18   0.17   0.04   0.09   0.05   1      0.08   0.12   0.04  -0.13   0.11  -0.07  -0.05  -0.02   0.06  -0.12   0.18  -0.13   0.18  -0.16 
 -0.14  -0.38   0.34   0.08  -0.03   0.11   0.01   0.19  -0.19   0.07  -0.09   0.08   0.09  -0.25   0.18   0.35  -0.49   0.38  -0.21   0.43  -0.38  -0.24   0.32  -0.18   0.08   1     -0.64   0.04   0.18  -0.17   0.06  -0.15   0.13   0.08   0.18  -0.09   0.23  -0.4    0.36 
 -0.15   0.41  -0.54  -0.23   0.06  -0.28  -0.12  -0.18   0.14  -0.2    0.11  -0.23  -0.24   0.29  -0.36  -0.42   0.51  -0.48   0.26  -0.52   0.53   0.21  -0.22   0.27   0.12  -0.64   1     -0.14  -0.2    0.16  -0.21   0.17  -0.29  -0.07  -0.26   0.23  -0.33   0.51  -0.51 
  0.5   -0.43   0.53   0.65  -0.3    0.55   0.8   -0.09   0.39   0.7   -0.37   0.58   0.67  -0.45   0.59   0.16  -0.09   0.04   0.01   0.08   0.03   0.15  -0.31  -0.07   0.04   0.04  -0.14   1     -0.07   0.45   0.67  -0.41   0.58   0.16   0      0.18   0.09  -0.07  -0.02 
  0.01   0.08  -0.1   -0.01   0.51  -0.26  -0.05   0.95  -0.6   -0.07   0.56  -0.33  -0.02   0.37  -0.24   0.37  -0.44   0.22  -0.34   0.58  -0.37  -0.2    0.19  -0.21  -0.13   0.18  -0.2   -0.07   1     -0.6   -0.01   0.5   -0.28  -0.02   0.3   -0.3    0.36  -0.57   0.38 
  0.26  -0.24   0.47   0.33  -0.57   0.7    0.43  -0.59   0.93   0.4   -0.62   0.77   0.35  -0.5    0.69  -0.22   0.35  -0.25   0.19  -0.37   0.39   0.23  -0.31   0.1    0.11  -0.17   0.16   0.45  -0.6    1      0.35  -0.59   0.72   0.02  -0.17   0.34  -0.2    0.36  -0.38 
  0.57  -0.39   0.54   0.79  -0.16   0.48   0.63  -0.03   0.28   0.77  -0.2    0.48   0.8   -0.29   0.53   0.21  -0.14   0.19  -0.09   0.16  -0.14   0.03  -0.18  -0.13  -0.07   0.06  -0.21   0.67  -0.01   0.35   1     -0.25   0.5    0.11   0.03   0.09   0.18  -0.17   0.13 
 -0.14   0.53  -0.49  -0.24   0.9   -0.63  -0.36   0.48  -0.54  -0.32   0.97  -0.63  -0.28   0.95  -0.6    0.03  -0.14   0.09  -0.04   0.04  -0.11  -0.11   0.16   0.05  -0.05  -0.15   0.17  -0.41   0.5   -0.59  -0.25   1     -0.63  -0.03  -0.13  -0.1    0.01  -0.05   0.08 
  0.42  -0.48   0.81   0.49  -0.53   0.96   0.53  -0.28   0.65   0.52  -0.6    0.97   0.52  -0.64   0.98   0.12  -0.03  -0.01  -0.08   0.12  -0.01   0.07  -0.18  -0.13  -0.02   0.13  -0.29   0.58  -0.28   0.72   0.5   -0.63   1      0.07   0.13   0.03   0.11  -0.12   0.04 
  0.11  -0.17   0.15   0.09  -0.01   0.04   0.1   -0.01  -0.04   0.11  -0.02   0.04   0.12  -0.08   0.07   0.28  -0.17   0.18   0.04   0.05  -0.09   0.06  -0.12  -0.06   0.06   0.08  -0.07   0.16  -0.02   0.02   0.11  -0.03   0.07   1     -0.21   0.19   0.11  -0.04   0.08 
  0.06   0.02   0.07   0.04  -0.18   0.19   0.03   0.28  -0.11   0     -0.11   0.11   0.03  -0.14   0.13   0.08  -0.02  -0.07  -0.17   0.5   -0.21  -0.07   0.11  -0.07  -0.12   0.18  -0.26   0      0.3   -0.17   0.03  -0.13   0.13  -0.21   1     -0.51   0.28  -0.5    0.24 
  0.05  -0.14   0.11   0.07  -0.05  -0.07   0.1   -0.27   0.23   0.11  -0.13   0.05   0.1   -0.06   0.02   0.04   0.02   0.18   0.08  -0.23   0.29   0.11  -0.22  -0      0.18  -0.09   0.23   0.18  -0.3    0.34   0.09  -0.1    0.03   0.19  -0.51   1     -0.08   0.24  -0.34 
  0.28  -0.29   0.35   0.18   0.08   0.09  -0.02   0.41  -0.34   0.1    0.08   0.02   0.2   -0.08   0.16   0.59  -0.5    0.46  -0.53   0.68  -0.52  -0.26   0.13  -0.41  -0.13   0.23  -0.33   0.09   0.36  -0.2    0.18   0.01   0.11   0.11   0.28  -0.08   1     -0.7    0.52 
 -0.25   0.36  -0.41  -0.18  -0.16  -0.1    0     -0.61   0.47  -0.09  -0.14  -0.02  -0.2    0.09  -0.18  -0.68   0.72  -0.52   0.56  -0.99   0.64   0.26  -0.19   0.43   0.18  -0.4    0.51  -0.07  -0.57   0.36  -0.17  -0.05  -0.12  -0.04  -0.5    0.24  -0.7    1     -0.64 
  0.27  -0.32   0.43   0.14   0.14   0.05  -0.14   0.44  -0.55   0.05   0.18  -0.1    0.16  -0.04   0.11   0.53  -0.52   0.76  -0.5    0.63  -0.97  -0.45   0.31  -0.54  -0.16   0.36  -0.51  -0.02   0.38  -0.38   0.13   0.08   0.04   0.08   0.24  -0.34   0.52  -0.64   1    


eigenvalue	proportion	cumulative
 11.04535	  0.28321	  0.28321	-0.275ycrcn_y_max-0.273lab_l_max-0.269gray_r_max-0.265rgb_g_max-0.247rgb_b_max...
  9.25545	  0.23732	  0.52053	-0.289lab_b_median+0.288ycrcn_cn_median-0.279ycrcn_cn_max+0.276lab_b_max-0.255ycrcn_cr_median...
  3.15821	  0.08098	  0.60151	0.287lab_l_min+0.279rgb_g_min+0.277gray_r_median+0.276lab_l_median+0.275rgb_g_median...
  2.23461	  0.0573 	  0.65881	-0.492lab_a_median+0.459lab_a_max+0.338ycrcn_cr_max+0.28 lab_a_min-0.247hsv_v_median...
  1.64281	  0.04212	  0.70093	0.381hsv_h_min-0.282hsv_h_median-0.27rgb_b_min+0.261hsv_h_max-0.248ycrcn_cr_median...
  1.38288	  0.03546	  0.73639	-0.455hsv_s_median-0.362hsv_h_median+0.322hsv_s_max-0.309hsv_s_min+0.286lab_b_min...
  1.29001	  0.03308	  0.76947	-0.288gray_r_max-0.287rgb_g_median-0.271lab_l_max-0.268ycrcn_y_max-0.238lab_l_median...
  1.10373	  0.0283 	  0.79777	-0.565hsv_s_min-0.288hsv_s_max+0.278hsv_h_max-0.265hsv_h_median-0.26lab_a_max...
  0.91848	  0.02355	  0.82132	0.701lab_a_min+0.366hsv_s_min-0.278lab_a_max+0.241ycrcn_cn_min+0.203lab_b_max...
  0.74364	  0.01907	  0.84039	0.505hsv_s_min-0.386lab_a_min-0.256hsv_v_median-0.254rgb_r_median+0.245hsv_h_min...
  0.68161	  0.01748	  0.85787	0.31 lab_a_min+0.298lab_b_min+0.29 hsv_h_max-0.281hsv_h_min+0.254hsv_h_median...
  0.56749	  0.01455	  0.87242	0.639hsv_h_min-0.518hsv_h_max+0.427hsv_h_median-0.143hsv_v_median-0.124hsv_s_min...
  0.51262	  0.01314	  0.88556	-0.573ycrcn_cn_min-0.421lab_a_max-0.315lab_a_median+0.272hsv_h_max+0.202hsv_s_min...
  0.46066	  0.01181	  0.89737	-0.591rgb_b_min-0.402hsv_h_median-0.347hsv_h_max-0.198hsv_v_min-0.181rgb_r_min...
  0.4574 	  0.01173	  0.9091 	-0.431ycrcn_cn_min+0.346hsv_h_min-0.331ycrcn_cr_min+0.299lab_a_max+0.289ycrcn_cr_median...
  0.40638	  0.01042	  0.91952	-0.388rgb_b_median+0.385ycrcn_cn_min+0.381hsv_s_max+0.319hsv_h_max+0.315hsv_h_median...
  0.36885	  0.00946	  0.92898	-0.778lab_b_min-0.214ycrcn_cr_median+0.196ycrcn_cn_median-0.19rgb_r_min+0.18 lab_a_median...
  0.34004	  0.00872	  0.9377 	0.401rgb_r_min-0.325hsv_v_median-0.32ycrcn_cr_min+0.287hsv_s_max+0.274lab_a_median...
  0.31596	  0.0081 	  0.9458 	-0.527rgb_b_median-0.48ycrcn_cr_min+0.327rgb_b_min-0.314hsv_s_max+0.188rgb_g_median...
  0.27125	  0.00696	  0.95275	-0.567hsv_s_median-0.333hsv_s_max+0.294rgb_b_median-0.273ycrcn_cr_min-0.259ycrcn_cr_median...

Eigenvectors
 V1	 V2	 V3	 V4	 V5	 V6	 V7	 V8	 V9	 V10	 V11	 V12	 V13	 V14	 V15	 V16	 V17	 V18	 V19	 V20	
-0.1538	 0.0884	 0.2221	-0.0125	-0.2696	 0.1878	 0.1319	 0.0144	 0.1575	 0.1161	 0.145 	 0.0117	-0.1273	-0.5911	 0.0186	-0.0693	 0.118 	-0.2463	 0.3266	-0.256 	rgb_b_min
 0.1892	-0.1167	 0.0933	-0.186 	-0.1802	 0.0221	-0.0944	 0.0198	 0.1593	 0.142 	 0.2264	 0.0039	-0.1875	-0.031 	 0.1274	-0.3882	 0.0449	-0.0908	-0.5267	 0.2936	rgb_b_median
-0.2466	 0.1347	-0.0426	 0.0971	-0.0829	 0.0022	-0.191 	 0.1058	-0.0149	 0.0655	-0.1076	-0.0436	-0.0598	 0.002 	 0.0888	 0.0508	-0.0244	 0.075 	-0.0265	 0.0993	rgb_b_max
-0.198 	 0.0659	 0.2792	-0.0224	-0.058 	-0.1338	 0.1536	-0.0018	-0.0731	 0.0606	 0.1276	 0.0984	 0.1079	 0.1801	-0.0146	 0.1248	 0.0889	-0.0841	 0.0506	-0.0168	rgb_g_min
 0.1915	 0.1056	 0.2755	 0.0295	-0.0402	-0.0838	-0.2868	 0.1072	-0.0689	 0.0452	-0.037 	 0.026 	 0.0652	 0.0528	-0.1459	 0.0147	-0.0017	 0.1799	 0.188 	-0.089 	rgb_g_median
-0.2653	-0.0078	-0.0723	-0.1509	-0.1102	 0.0251	-0.2281	 0.0531	 0.0993	-0.055 	-0.0681	-0.0249	 0.0355	-0.0013	-0.0105	 0.0276	 0.0016	-0.0212	-0.0031	-0.0005	rgb_g_max
-0.2033	-0.023 	 0.246 	-0.1043	 0.1568	-0.1586	 0.0811	-0.0993	-0.0207	-0.1687	-0.1104	-0.0449	-0.0614	-0.181 	-0.069 	-0.2476	-0.19  	 0.4008	-0.1219	 0.0449	rgb_r_min
 0.105 	 0.2261	 0.1278	-0.2072	 0.1078	 0.0203	-0.1   	-0.2108	 0.0029	-0.254 	-0.228 	-0.1135	-0.0876	-0.0411	 0.2138	 0.1947	-0.0846	-0.2314	-0.0337	 0.0202	rgb_r_median
-0.1945	-0.2114	-0.0021	-0.0468	-0.0718	 0.0179	-0.2096	 0.0187	-0.0641	 0.0189	 0.0927	 0.0182	-0.061 	 0.06  	 0.0555	 0.0579	-0.0406	-0.0694	-0.0416	-0.0623	rgb_r_max
-0.2107	 0.0293	 0.2676	-0.0119	 0.0067	-0.1653	 0.1683	-0.0204	-0.0523	 0.0092	 0.0619	 0.0376	 0.0647	 0.1635	 0.0092	 0.0144	-0.0091	-0.0041	-0.1426	 0.1933	gray_r_min
 0.2168	 0.106 	 0.2766	-0.024 	-0.1085	-0.0676	-0.2213	 0.0726	 0.0131	 0.0199	-0.0279	 0.0187	 0.0259	 0.0691	-0.0007	 0.0509	-0.0286	 0.094 	 0.0804	-0.1094	gray_r_median
-0.2687	-0.0445	-0.0381	-0.1207	-0.0656	 0.0257	-0.2881	 0.0324	 0.0315	-0.0422	-0.0239	-0.0123	 0.0107	 0.0061	-0.0284	 0.0082	 0.0119	-0.0138	 0.0316	 0.0286	gray_r_max
-0.2091	 0.0706	 0.2642	 0.0023	-0.0485	-0.1058	 0.1683	-0.0141	-0.0464	 0.0498	 0.1042	 0.0448	 0.0761	 0.1362	 0.0304	 0.0981	 0.0978	-0.1531	-0.0202	 0.0253	ycrcn_y_min
 0.2325	 0.014 	 0.2617	-0.042 	-0.1723	-0.0191	-0.2119	 0.0646	 0.0402	 0.1227	 0.0864	 0.0514	-0.0611	 0.06  	 0.0441	-0.0683	 0.0125	 0.0653	-0.0332	-0.0714	ycrcn_y_median
-0.2747	 0.0244	-0.0447	-0.0744	-0.0929	 0.0144	-0.2684	 0.0715	 0.0417	-0.0037	-0.0684	-0.023 	 0.0048	 0.0085	-0.0067	 0.0242	-0.0043	 0.032 	 0.0025	 0.0446	ycrcn_y_max
-0.0508	 0.2407	 0.0297	 0.1428	 0.1844	 0.1844	-0.0944	-0.0014	 0.0539	 0.015 	 0.136 	 0.0323	 0.0137	-0.1205	-0.3306	-0.0357	 0.1126	-0.3198	-0.4804	-0.273 	ycrcn_cr_min
 0.0172	-0.2551	-0.0223	-0.1252	-0.2477	-0.0025	 0.1815	-0.0994	 0.1621	-0.0153	-0.0071	-0.0172	-0.1158	 0.1534	 0.2892	 0.0317	-0.2144	-0.1135	 0.1048	-0.2587	ycrcn_cr_median
-0.024 	 0.2425	-0.0106	 0.338 	-0.1016	-0.0124	 0.0766	 0.1413	-0.0379	 0.1883	-0.1122	-0.0801	-0.1859	-0.0353	 0.26  	 0.0948	-0.0761	 0.106 	-0.0976	 0.0591	ycrcn_cr_max
 0.0163	-0.2069	 0.0632	 0.0021	 0.1616	-0.2577	 0.0383	 0.1937	 0.2408	 0.098 	-0.119 	 0.0964	-0.573 	-0.0198	-0.431 	 0.3854	-0.1762	-0.096 	-0.0309	 0.0266	ycrcn_cn_min
-0.0331	 0.288 	-0.0444	-0.1424	 0.1801	 0.1348	-0.0514	-0.0675	-0.0425	 0.1272	 0.0785	 0.0382	-0.0715	-0.0332	-0.0595	 0.0975	 0.1961	 0.1481	 0.0649	 0.1154	ycrcn_cn_median
 0.0081	-0.2788	 0.079 	-0.0918	 0.1898	 0.0529	-0.1424	-0.1842	-0.1624	-0.1188	 0.2191	 0.0901	-0.0357	-0.0042	-0.089 	-0.0568	 0.0727	-0.0914	 0.1652	 0.0317	ycrcn_cn_max
-0.0328	-0.1462	 0.1134	-0.0837	 0.3813	 0.149 	-0.0233	 0.1913	 0.0606	 0.2454	-0.2813	 0.639 	 0.1923	-0.1266	 0.3464	 0.0138	-0.0819	-0.0213	-0.0897	-0.092 	hsv_h_min
 0.0774	 0.1077	-0.178 	-0.0091	-0.2817	-0.362 	-0.0726	-0.2649	-0.0227	-0.2147	 0.2544	 0.4266	 0.0797	-0.4015	 0.0567	 0.3147	-0.1   	 0.1734	-0.158 	 0.0893	hsv_h_median
 0.0419	-0.1812	 0.0742	-0.1308	 0.2615	-0.0871	-0.0345	 0.2783	-0.0508	 0.2053	 0.2897	-0.5175	 0.2724	-0.3473	 0.1863	 0.3192	-0.1609	 0.0498	-0.0853	 0.0601	hsv_h_max
 0.0077	-0.0674	-0.0393	 0.1325	 0.0964	-0.3089	-0.1654	-0.5649	 0.3656	 0.5048	-0.1777	-0.1239	 0.2016	-0.0278	-0.0411	-0.0631	 0.0829	-0.1044	 0.095 	 0.0777	hsv_s_min
-0.0464	 0.1584	-0.1955	 0.0674	 0.2296	-0.4549	-0.1363	 0.0394	-0.1426	-0.0125	 0.2177	-0.0166	-0.0528	 0.1476	 0.1767	-0.1284	 0.0063	-0.076 	-0.0734	-0.5668	hsv_s_median
 0.0941	-0.1949	 0.1407	 0.0131	-0.0978	 0.3217	 0.0723	-0.2882	 0.0458	-0.0544	-0.1066	-0.0974	 0.1614	 0.0827	-0.1019	 0.3805	 0.1364	 0.2869	-0.3142	-0.3334	hsv_s_max
-0.2223	 0.0101	 0.2296	-0.015 	 0.1156	-0.0659	 0.0936	-0.1502	 0.0317	-0.0888	-0.1315	-0.1162	-0.1089	-0.1981	-0.0497	-0.3059	-0.1328	 0.2743	-0.0531	-0.2269	hsv_v_min
 0.1042	 0.2104	 0.1511	-0.2469	 0.1442	-0.0126	-0.0914	-0.1749	 0.0004	-0.2556	-0.2023	-0.1427	-0.1179	-0.0082	 0.2103	 0.093 	-0.0812	-0.3251	-0.0379	 0.0784	hsv_v_median
-0.2194	-0.1658	-0.0057	 0.054 	-0.1354	 0.1075	-0.2085	-0.0622	-0.0319	 0.0455	 0.01  	-0.023 	-0.0467	 0.0865	 0.0881	 0.1445	-0.0307	 0.016 	-0.1673	-0.1247	hsv_v_max
-0.2012	 0.0616	 0.2872	-0.0128	-0.0598	-0.1284	 0.1634	-0.029 	-0.0359	 0.0585	 0.1156	 0.0472	 0.0846	 0.1669	 0.0271	 0.1287	 0.0933	-0.1129	-0.0522	 0.1139	lab_l_min
 0.227 	 0.0698	 0.276 	-0.0215	-0.1141	-0.046 	-0.2377	 0.1033	 0.0175	 0.0709	 0.013 	 0.0234	-0.0145	 0.0669	-0.0076	-0.0281	-0.0148	 0.0781	 0.07  	-0.0919	lab_l_median
-0.2731	-0.0025	-0.0537	-0.0946	-0.0922	 0.0364	-0.2708	 0.0434	 0.065 	-0.0204	-0.06  	-0.0205	 0.0091	 0.0123	-0.014 	 0.0135	-0.0008	 0.0098	-0.0038	 0.0192	lab_l_max
-0.0374	 0.0345	 0.0808	 0.2795	 0.2307	 0.0778	-0.0626	 0.0876	 0.7012	-0.3855	 0.31  	 0.0164	 0.0358	 0.1293	 0.1908	 0.034 	 0.099 	 0.1367	 0.1031	 0.0664	lab_a_min
-0.0252	 0.1001	-0.1509	-0.4916	 0.0543	 0.0302	 0.1513	-0.0703	 0.1217	 0.2428	 0.1948	-0.0007	-0.315 	 0.1617	 0.1571	 0.0534	 0.1799	 0.2745	 0.0305	-0.1505	lab_a_median
-0.0424	-0.0787	 0.1182	 0.4585	 0.1063	 0.1714	-0.1247	-0.2603	-0.2783	 0.0924	 0.1039	-0.0211	-0.4207	-0.0306	 0.2995	 0.0711	 0.0155	 0.065 	 0.0172	 0.0942	lab_a_max
-0.0393	 0.2291	-0.0196	-0.0166	 0.0199	 0.2863	-0.0035	-0.175 	 0.046 	 0.1713	 0.2983	 0.0727	 0.0897	 0.1756	-0.1482	-0.0246	-0.7776	-0.0303	 0.0734	 0.0056	lab_b_min
 0.0326	-0.2886	 0.0459	 0.1433	-0.1448	-0.1558	 0.0416	 0.0748	 0.0302	-0.1425	-0.0787	-0.0568	 0.0638	 0.0161	 0.0648	-0.1156	-0.1617	-0.1667	-0.0766	-0.106 	lab_b_median
-0.0125	 0.2761	-0.0907	 0.0552	-0.2033	-0.0409	 0.1472	 0.1493	 0.2028	 0.0902	-0.2447	-0.0893	 0.058 	 0.0158	 0.0725	 0.049 	-0.0722	 0.0616	-0.1735	-0.073 	lab_b_max

Ranked attributes:
 0.7168    1 -0.275ycrcn_y_max-0.273lab_l_max-0.269gray_r_max-0.265rgb_g_max-0.247rgb_b_max...
 0.4795    2 -0.289lab_b_median+0.288ycrcn_cn_median-0.279ycrcn_cn_max+0.276lab_b_max-0.255ycrcn_cr_median...
 0.3985    3 0.287lab_l_min+0.279rgb_g_min+0.277gray_r_median+0.276lab_l_median+0.275rgb_g_median...
 0.3412    4 -0.492lab_a_median+0.459lab_a_max+0.338ycrcn_cr_max+0.28 lab_a_min-0.247hsv_v_median...
 0.2991    5 0.381hsv_h_min-0.282hsv_h_median-0.27rgb_b_min+0.261hsv_h_max-0.248ycrcn_cr_median...
 0.2636    6 -0.455hsv_s_median-0.362hsv_h_median+0.322hsv_s_max-0.309hsv_s_min+0.286lab_b_min...
 0.2305    7 -0.288gray_r_max-0.287rgb_g_median-0.271lab_l_max-0.268ycrcn_y_max-0.238lab_l_median...
 0.2022    8 -0.565hsv_s_min-0.288hsv_s_max+0.278hsv_h_max-0.265hsv_h_median-0.26lab_a_max...
 0.1787    9 0.701lab_a_min+0.366hsv_s_min-0.278lab_a_max+0.241ycrcn_cn_min+0.203lab_b_max...
 0.1596   10 0.505hsv_s_min-0.386lab_a_min-0.256hsv_v_median-0.254rgb_r_median+0.245hsv_h_min...
 0.1421   11 0.31 lab_a_min+0.298lab_b_min+0.29 hsv_h_max-0.281hsv_h_min+0.254hsv_h_median...
 0.1276   12 0.639hsv_h_min-0.518hsv_h_max+0.427hsv_h_median-0.143hsv_v_median-0.124hsv_s_min...
 0.1144   13 -0.573ycrcn_cn_min-0.421lab_a_max-0.315lab_a_median+0.272hsv_h_max+0.202hsv_s_min...
 0.1026   14 -0.591rgb_b_min-0.402hsv_h_median-0.347hsv_h_max-0.198hsv_v_min-0.181rgb_r_min...
 0.0909   15 -0.431ycrcn_cn_min+0.346hsv_h_min-0.331ycrcn_cr_min+0.299lab_a_max+0.289ycrcn_cr_median...
 0.0805   16 -0.388rgb_b_median+0.385ycrcn_cn_min+0.381hsv_s_max+0.319hsv_h_max+0.315hsv_h_median...
 0.071    17 -0.778lab_b_min-0.214ycrcn_cr_median+0.196ycrcn_cn_median-0.19rgb_r_min+0.18 lab_a_median...
 0.0623   18 0.401rgb_r_min-0.325hsv_v_median-0.32ycrcn_cr_min+0.287hsv_s_max+0.274lab_a_median...
 0.0542   19 -0.527rgb_b_median-0.48ycrcn_cr_min+0.327rgb_b_min-0.314hsv_s_max+0.188rgb_g_median...
 0.0472   20 -0.567hsv_s_median-0.333hsv_s_max+0.294rgb_b_median-0.273ycrcn_cr_min-0.259ycrcn_cr_median...

Selected attributes: 1,2,3,4,5,6,7,8,9,10,11,12,13,14,15,16,17,18,19,20 : 20

